{
 "cells": [
  {
   "cell_type": "code",
   "execution_count": 356,
   "metadata": {},
   "outputs": [],
   "source": [
    "import openpyxl as op\n",
    "import numpy as np\n",
    "import pandas as pd\n",
    "import matplotlib.pyplot as plt\n",
    "import datetime\n",
    "from datetime import date\n",
    "%matplotlib inline\n",
    "import seaborn as sns\n",
    "sns.set()"
   ]
  },
  {
   "cell_type": "code",
   "execution_count": 357,
   "metadata": {},
   "outputs": [],
   "source": [
    "datos = pd.read_excel('bike_train.xlsx')"
   ]
  },
  {
   "cell_type": "code",
   "execution_count": 358,
   "metadata": {},
   "outputs": [],
   "source": [
    "datos.insert(2, 'FechaNumero',datos['dteday'].map(date.toordinal))"
   ]
  },
  {
   "cell_type": "code",
   "execution_count": 359,
   "metadata": {},
   "outputs": [
    {
     "data": {
      "text/html": [
       "<div>\n",
       "<style scoped>\n",
       "    .dataframe tbody tr th:only-of-type {\n",
       "        vertical-align: middle;\n",
       "    }\n",
       "\n",
       "    .dataframe tbody tr th {\n",
       "        vertical-align: top;\n",
       "    }\n",
       "\n",
       "    .dataframe thead th {\n",
       "        text-align: right;\n",
       "    }\n",
       "</style>\n",
       "<table border=\"1\" class=\"dataframe\">\n",
       "  <thead>\n",
       "    <tr style=\"text-align: right;\">\n",
       "      <th></th>\n",
       "      <th>instant</th>\n",
       "      <th>dteday</th>\n",
       "      <th>FechaNumero</th>\n",
       "      <th>season</th>\n",
       "      <th>yr</th>\n",
       "      <th>mnth</th>\n",
       "      <th>hr</th>\n",
       "      <th>holiday</th>\n",
       "      <th>weekday</th>\n",
       "      <th>workingday</th>\n",
       "      <th>weathersit</th>\n",
       "      <th>temp</th>\n",
       "      <th>atemp</th>\n",
       "      <th>hum</th>\n",
       "      <th>windspeed</th>\n",
       "      <th>casual</th>\n",
       "      <th>registered</th>\n",
       "      <th>cnt</th>\n",
       "    </tr>\n",
       "  </thead>\n",
       "  <tbody>\n",
       "    <tr>\n",
       "      <th>0</th>\n",
       "      <td>1</td>\n",
       "      <td>2011-01-01</td>\n",
       "      <td>734138</td>\n",
       "      <td>1</td>\n",
       "      <td>0</td>\n",
       "      <td>1</td>\n",
       "      <td>0</td>\n",
       "      <td>0</td>\n",
       "      <td>6</td>\n",
       "      <td>0</td>\n",
       "      <td>1</td>\n",
       "      <td>0.24</td>\n",
       "      <td>0.2879</td>\n",
       "      <td>0.81</td>\n",
       "      <td>0.0000</td>\n",
       "      <td>3</td>\n",
       "      <td>13</td>\n",
       "      <td>16</td>\n",
       "    </tr>\n",
       "    <tr>\n",
       "      <th>1</th>\n",
       "      <td>2</td>\n",
       "      <td>2011-01-01</td>\n",
       "      <td>734138</td>\n",
       "      <td>1</td>\n",
       "      <td>0</td>\n",
       "      <td>1</td>\n",
       "      <td>1</td>\n",
       "      <td>0</td>\n",
       "      <td>6</td>\n",
       "      <td>0</td>\n",
       "      <td>1</td>\n",
       "      <td>0.22</td>\n",
       "      <td>0.2727</td>\n",
       "      <td>0.80</td>\n",
       "      <td>0.0000</td>\n",
       "      <td>8</td>\n",
       "      <td>32</td>\n",
       "      <td>40</td>\n",
       "    </tr>\n",
       "    <tr>\n",
       "      <th>2</th>\n",
       "      <td>3</td>\n",
       "      <td>2011-01-01</td>\n",
       "      <td>734138</td>\n",
       "      <td>1</td>\n",
       "      <td>0</td>\n",
       "      <td>1</td>\n",
       "      <td>2</td>\n",
       "      <td>0</td>\n",
       "      <td>6</td>\n",
       "      <td>0</td>\n",
       "      <td>1</td>\n",
       "      <td>0.22</td>\n",
       "      <td>0.2727</td>\n",
       "      <td>0.80</td>\n",
       "      <td>0.0000</td>\n",
       "      <td>5</td>\n",
       "      <td>27</td>\n",
       "      <td>32</td>\n",
       "    </tr>\n",
       "    <tr>\n",
       "      <th>3</th>\n",
       "      <td>4</td>\n",
       "      <td>2011-01-01</td>\n",
       "      <td>734138</td>\n",
       "      <td>1</td>\n",
       "      <td>0</td>\n",
       "      <td>1</td>\n",
       "      <td>3</td>\n",
       "      <td>0</td>\n",
       "      <td>6</td>\n",
       "      <td>0</td>\n",
       "      <td>1</td>\n",
       "      <td>0.24</td>\n",
       "      <td>0.2879</td>\n",
       "      <td>0.75</td>\n",
       "      <td>0.0000</td>\n",
       "      <td>3</td>\n",
       "      <td>10</td>\n",
       "      <td>13</td>\n",
       "    </tr>\n",
       "    <tr>\n",
       "      <th>4</th>\n",
       "      <td>5</td>\n",
       "      <td>2011-01-01</td>\n",
       "      <td>734138</td>\n",
       "      <td>1</td>\n",
       "      <td>0</td>\n",
       "      <td>1</td>\n",
       "      <td>4</td>\n",
       "      <td>0</td>\n",
       "      <td>6</td>\n",
       "      <td>0</td>\n",
       "      <td>1</td>\n",
       "      <td>0.24</td>\n",
       "      <td>0.2879</td>\n",
       "      <td>0.75</td>\n",
       "      <td>0.0000</td>\n",
       "      <td>0</td>\n",
       "      <td>1</td>\n",
       "      <td>1</td>\n",
       "    </tr>\n",
       "    <tr>\n",
       "      <th>...</th>\n",
       "      <td>...</td>\n",
       "      <td>...</td>\n",
       "      <td>...</td>\n",
       "      <td>...</td>\n",
       "      <td>...</td>\n",
       "      <td>...</td>\n",
       "      <td>...</td>\n",
       "      <td>...</td>\n",
       "      <td>...</td>\n",
       "      <td>...</td>\n",
       "      <td>...</td>\n",
       "      <td>...</td>\n",
       "      <td>...</td>\n",
       "      <td>...</td>\n",
       "      <td>...</td>\n",
       "      <td>...</td>\n",
       "      <td>...</td>\n",
       "      <td>...</td>\n",
       "    </tr>\n",
       "    <tr>\n",
       "      <th>11994</th>\n",
       "      <td>11995</td>\n",
       "      <td>2012-05-19</td>\n",
       "      <td>734642</td>\n",
       "      <td>2</td>\n",
       "      <td>1</td>\n",
       "      <td>5</td>\n",
       "      <td>23</td>\n",
       "      <td>0</td>\n",
       "      <td>6</td>\n",
       "      <td>0</td>\n",
       "      <td>1</td>\n",
       "      <td>0.60</td>\n",
       "      <td>0.6212</td>\n",
       "      <td>0.56</td>\n",
       "      <td>0.1642</td>\n",
       "      <td>71</td>\n",
       "      <td>168</td>\n",
       "      <td>239</td>\n",
       "    </tr>\n",
       "    <tr>\n",
       "      <th>11995</th>\n",
       "      <td>11996</td>\n",
       "      <td>2012-05-20</td>\n",
       "      <td>734643</td>\n",
       "      <td>2</td>\n",
       "      <td>1</td>\n",
       "      <td>5</td>\n",
       "      <td>0</td>\n",
       "      <td>0</td>\n",
       "      <td>0</td>\n",
       "      <td>0</td>\n",
       "      <td>1</td>\n",
       "      <td>0.58</td>\n",
       "      <td>0.5455</td>\n",
       "      <td>0.53</td>\n",
       "      <td>0.1045</td>\n",
       "      <td>42</td>\n",
       "      <td>128</td>\n",
       "      <td>170</td>\n",
       "    </tr>\n",
       "    <tr>\n",
       "      <th>11996</th>\n",
       "      <td>11997</td>\n",
       "      <td>2012-05-20</td>\n",
       "      <td>734643</td>\n",
       "      <td>2</td>\n",
       "      <td>1</td>\n",
       "      <td>5</td>\n",
       "      <td>1</td>\n",
       "      <td>0</td>\n",
       "      <td>0</td>\n",
       "      <td>0</td>\n",
       "      <td>1</td>\n",
       "      <td>0.56</td>\n",
       "      <td>0.5303</td>\n",
       "      <td>0.52</td>\n",
       "      <td>0.0000</td>\n",
       "      <td>28</td>\n",
       "      <td>102</td>\n",
       "      <td>130</td>\n",
       "    </tr>\n",
       "    <tr>\n",
       "      <th>11997</th>\n",
       "      <td>11998</td>\n",
       "      <td>2012-05-20</td>\n",
       "      <td>734643</td>\n",
       "      <td>2</td>\n",
       "      <td>1</td>\n",
       "      <td>5</td>\n",
       "      <td>2</td>\n",
       "      <td>0</td>\n",
       "      <td>0</td>\n",
       "      <td>0</td>\n",
       "      <td>1</td>\n",
       "      <td>0.56</td>\n",
       "      <td>0.5303</td>\n",
       "      <td>0.52</td>\n",
       "      <td>0.0000</td>\n",
       "      <td>36</td>\n",
       "      <td>62</td>\n",
       "      <td>98</td>\n",
       "    </tr>\n",
       "    <tr>\n",
       "      <th>11998</th>\n",
       "      <td>11999</td>\n",
       "      <td>2012-05-20</td>\n",
       "      <td>734643</td>\n",
       "      <td>2</td>\n",
       "      <td>1</td>\n",
       "      <td>5</td>\n",
       "      <td>3</td>\n",
       "      <td>0</td>\n",
       "      <td>0</td>\n",
       "      <td>0</td>\n",
       "      <td>1</td>\n",
       "      <td>0.54</td>\n",
       "      <td>0.5152</td>\n",
       "      <td>0.56</td>\n",
       "      <td>0.0896</td>\n",
       "      <td>26</td>\n",
       "      <td>40</td>\n",
       "      <td>66</td>\n",
       "    </tr>\n",
       "  </tbody>\n",
       "</table>\n",
       "<p>11999 rows × 18 columns</p>\n",
       "</div>"
      ],
      "text/plain": [
       "       instant     dteday  FechaNumero  season  yr  mnth  hr  holiday  \\\n",
       "0            1 2011-01-01       734138       1   0     1   0        0   \n",
       "1            2 2011-01-01       734138       1   0     1   1        0   \n",
       "2            3 2011-01-01       734138       1   0     1   2        0   \n",
       "3            4 2011-01-01       734138       1   0     1   3        0   \n",
       "4            5 2011-01-01       734138       1   0     1   4        0   \n",
       "...        ...        ...          ...     ...  ..   ...  ..      ...   \n",
       "11994    11995 2012-05-19       734642       2   1     5  23        0   \n",
       "11995    11996 2012-05-20       734643       2   1     5   0        0   \n",
       "11996    11997 2012-05-20       734643       2   1     5   1        0   \n",
       "11997    11998 2012-05-20       734643       2   1     5   2        0   \n",
       "11998    11999 2012-05-20       734643       2   1     5   3        0   \n",
       "\n",
       "       weekday  workingday  weathersit  temp   atemp   hum  windspeed  casual  \\\n",
       "0            6           0           1  0.24  0.2879  0.81     0.0000       3   \n",
       "1            6           0           1  0.22  0.2727  0.80     0.0000       8   \n",
       "2            6           0           1  0.22  0.2727  0.80     0.0000       5   \n",
       "3            6           0           1  0.24  0.2879  0.75     0.0000       3   \n",
       "4            6           0           1  0.24  0.2879  0.75     0.0000       0   \n",
       "...        ...         ...         ...   ...     ...   ...        ...     ...   \n",
       "11994        6           0           1  0.60  0.6212  0.56     0.1642      71   \n",
       "11995        0           0           1  0.58  0.5455  0.53     0.1045      42   \n",
       "11996        0           0           1  0.56  0.5303  0.52     0.0000      28   \n",
       "11997        0           0           1  0.56  0.5303  0.52     0.0000      36   \n",
       "11998        0           0           1  0.54  0.5152  0.56     0.0896      26   \n",
       "\n",
       "       registered  cnt  \n",
       "0              13   16  \n",
       "1              32   40  \n",
       "2              27   32  \n",
       "3              10   13  \n",
       "4               1    1  \n",
       "...           ...  ...  \n",
       "11994         168  239  \n",
       "11995         128  170  \n",
       "11996         102  130  \n",
       "11997          62   98  \n",
       "11998          40   66  \n",
       "\n",
       "[11999 rows x 18 columns]"
      ]
     },
     "execution_count": 359,
     "metadata": {},
     "output_type": "execute_result"
    }
   ],
   "source": [
    "datos"
   ]
  },
  {
   "cell_type": "code",
   "execution_count": 360,
   "metadata": {},
   "outputs": [],
   "source": [
    "corr = datos.corr()"
   ]
  },
  {
   "cell_type": "code",
   "execution_count": 361,
   "metadata": {},
   "outputs": [
    {
     "data": {
      "text/html": [
       "<div>\n",
       "<style scoped>\n",
       "    .dataframe tbody tr th:only-of-type {\n",
       "        vertical-align: middle;\n",
       "    }\n",
       "\n",
       "    .dataframe tbody tr th {\n",
       "        vertical-align: top;\n",
       "    }\n",
       "\n",
       "    .dataframe thead th {\n",
       "        text-align: right;\n",
       "    }\n",
       "</style>\n",
       "<table border=\"1\" class=\"dataframe\">\n",
       "  <thead>\n",
       "    <tr style=\"text-align: right;\">\n",
       "      <th></th>\n",
       "      <th>instant</th>\n",
       "      <th>FechaNumero</th>\n",
       "      <th>season</th>\n",
       "      <th>yr</th>\n",
       "      <th>mnth</th>\n",
       "      <th>hr</th>\n",
       "      <th>holiday</th>\n",
       "      <th>weekday</th>\n",
       "      <th>workingday</th>\n",
       "      <th>weathersit</th>\n",
       "      <th>temp</th>\n",
       "      <th>atemp</th>\n",
       "      <th>hum</th>\n",
       "      <th>windspeed</th>\n",
       "      <th>casual</th>\n",
       "      <th>registered</th>\n",
       "      <th>cnt</th>\n",
       "    </tr>\n",
       "  </thead>\n",
       "  <tbody>\n",
       "    <tr>\n",
       "      <th>instant</th>\n",
       "      <td>1.000000</td>\n",
       "      <td>0.999990</td>\n",
       "      <td>0.118039</td>\n",
       "      <td>0.777284</td>\n",
       "      <td>0.167195</td>\n",
       "      <td>-0.007446</td>\n",
       "      <td>0.008323</td>\n",
       "      <td>0.007103</td>\n",
       "      <td>0.005295</td>\n",
       "      <td>-0.015359</td>\n",
       "      <td>0.029297</td>\n",
       "      <td>0.042490</td>\n",
       "      <td>-0.013275</td>\n",
       "      <td>-0.029001</td>\n",
       "      <td>0.115768</td>\n",
       "      <td>0.238546</td>\n",
       "      <td>0.229814</td>\n",
       "    </tr>\n",
       "    <tr>\n",
       "      <th>FechaNumero</th>\n",
       "      <td>0.999990</td>\n",
       "      <td>1.000000</td>\n",
       "      <td>0.119277</td>\n",
       "      <td>0.776468</td>\n",
       "      <td>0.168474</td>\n",
       "      <td>-0.009457</td>\n",
       "      <td>0.008254</td>\n",
       "      <td>0.007121</td>\n",
       "      <td>0.005410</td>\n",
       "      <td>-0.015217</td>\n",
       "      <td>0.030437</td>\n",
       "      <td>0.043644</td>\n",
       "      <td>-0.012197</td>\n",
       "      <td>-0.029317</td>\n",
       "      <td>0.115635</td>\n",
       "      <td>0.238038</td>\n",
       "      <td>0.229357</td>\n",
       "    </tr>\n",
       "    <tr>\n",
       "      <th>season</th>\n",
       "      <td>0.118039</td>\n",
       "      <td>0.119277</td>\n",
       "      <td>1.000000</td>\n",
       "      <td>-0.446665</td>\n",
       "      <td>0.865268</td>\n",
       "      <td>-0.007610</td>\n",
       "      <td>-0.008928</td>\n",
       "      <td>-0.003688</td>\n",
       "      <td>0.012630</td>\n",
       "      <td>-0.009029</td>\n",
       "      <td>0.410790</td>\n",
       "      <td>0.413196</td>\n",
       "      <td>0.198937</td>\n",
       "      <td>-0.142924</td>\n",
       "      <td>0.119043</td>\n",
       "      <td>0.093595</td>\n",
       "      <td>0.111369</td>\n",
       "    </tr>\n",
       "    <tr>\n",
       "      <th>yr</th>\n",
       "      <td>0.777284</td>\n",
       "      <td>0.776468</td>\n",
       "      <td>-0.446665</td>\n",
       "      <td>1.000000</td>\n",
       "      <td>-0.488103</td>\n",
       "      <td>-0.003948</td>\n",
       "      <td>0.001039</td>\n",
       "      <td>-0.002714</td>\n",
       "      <td>0.001068</td>\n",
       "      <td>-0.006309</td>\n",
       "      <td>-0.198929</td>\n",
       "      <td>-0.190360</td>\n",
       "      <td>-0.141319</td>\n",
       "      <td>0.067356</td>\n",
       "      <td>0.053371</td>\n",
       "      <td>0.171910</td>\n",
       "      <td>0.156960</td>\n",
       "    </tr>\n",
       "    <tr>\n",
       "      <th>mnth</th>\n",
       "      <td>0.167195</td>\n",
       "      <td>0.168474</td>\n",
       "      <td>0.865268</td>\n",
       "      <td>-0.488103</td>\n",
       "      <td>1.000000</td>\n",
       "      <td>-0.007060</td>\n",
       "      <td>0.009372</td>\n",
       "      <td>0.014500</td>\n",
       "      <td>0.006441</td>\n",
       "      <td>-0.012239</td>\n",
       "      <td>0.353330</td>\n",
       "      <td>0.358541</td>\n",
       "      <td>0.201669</td>\n",
       "      <td>-0.147042</td>\n",
       "      <td>0.078563</td>\n",
       "      <td>0.061686</td>\n",
       "      <td>0.073431</td>\n",
       "    </tr>\n",
       "    <tr>\n",
       "      <th>hr</th>\n",
       "      <td>-0.007446</td>\n",
       "      <td>-0.009457</td>\n",
       "      <td>-0.007610</td>\n",
       "      <td>-0.003948</td>\n",
       "      <td>-0.007060</td>\n",
       "      <td>1.000000</td>\n",
       "      <td>0.000414</td>\n",
       "      <td>-0.004037</td>\n",
       "      <td>0.003454</td>\n",
       "      <td>-0.024003</td>\n",
       "      <td>0.139251</td>\n",
       "      <td>0.134633</td>\n",
       "      <td>-0.257202</td>\n",
       "      <td>0.130441</td>\n",
       "      <td>0.285182</td>\n",
       "      <td>0.381933</td>\n",
       "      <td>0.396698</td>\n",
       "    </tr>\n",
       "    <tr>\n",
       "      <th>holiday</th>\n",
       "      <td>0.008323</td>\n",
       "      <td>0.008254</td>\n",
       "      <td>-0.008928</td>\n",
       "      <td>0.001039</td>\n",
       "      <td>0.009372</td>\n",
       "      <td>0.000414</td>\n",
       "      <td>1.000000</td>\n",
       "      <td>-0.102503</td>\n",
       "      <td>-0.248601</td>\n",
       "      <td>-0.014707</td>\n",
       "      <td>-0.028519</td>\n",
       "      <td>-0.038005</td>\n",
       "      <td>-0.036672</td>\n",
       "      <td>0.022681</td>\n",
       "      <td>0.022140</td>\n",
       "      <td>-0.044534</td>\n",
       "      <td>-0.030304</td>\n",
       "    </tr>\n",
       "    <tr>\n",
       "      <th>weekday</th>\n",
       "      <td>0.007103</td>\n",
       "      <td>0.007121</td>\n",
       "      <td>-0.003688</td>\n",
       "      <td>-0.002714</td>\n",
       "      <td>0.014500</td>\n",
       "      <td>-0.004037</td>\n",
       "      <td>-0.102503</td>\n",
       "      <td>1.000000</td>\n",
       "      <td>0.031057</td>\n",
       "      <td>0.017259</td>\n",
       "      <td>-0.010002</td>\n",
       "      <td>-0.009841</td>\n",
       "      <td>-0.025932</td>\n",
       "      <td>0.008447</td>\n",
       "      <td>0.023687</td>\n",
       "      <td>0.019179</td>\n",
       "      <td>0.022618</td>\n",
       "    </tr>\n",
       "    <tr>\n",
       "      <th>workingday</th>\n",
       "      <td>0.005295</td>\n",
       "      <td>0.005410</td>\n",
       "      <td>0.012630</td>\n",
       "      <td>0.001068</td>\n",
       "      <td>0.006441</td>\n",
       "      <td>0.003454</td>\n",
       "      <td>-0.248601</td>\n",
       "      <td>0.031057</td>\n",
       "      <td>1.000000</td>\n",
       "      <td>0.042202</td>\n",
       "      <td>0.062273</td>\n",
       "      <td>0.066305</td>\n",
       "      <td>0.022805</td>\n",
       "      <td>-0.002493</td>\n",
       "      <td>-0.298241</td>\n",
       "      <td>0.134789</td>\n",
       "      <td>0.025132</td>\n",
       "    </tr>\n",
       "    <tr>\n",
       "      <th>weathersit</th>\n",
       "      <td>-0.015359</td>\n",
       "      <td>-0.015217</td>\n",
       "      <td>-0.009029</td>\n",
       "      <td>-0.006309</td>\n",
       "      <td>-0.012239</td>\n",
       "      <td>-0.024003</td>\n",
       "      <td>-0.014707</td>\n",
       "      <td>0.017259</td>\n",
       "      <td>0.042202</td>\n",
       "      <td>1.000000</td>\n",
       "      <td>-0.080149</td>\n",
       "      <td>-0.081386</td>\n",
       "      <td>0.430378</td>\n",
       "      <td>0.009195</td>\n",
       "      <td>-0.147903</td>\n",
       "      <td>-0.130223</td>\n",
       "      <td>-0.149848</td>\n",
       "    </tr>\n",
       "    <tr>\n",
       "      <th>temp</th>\n",
       "      <td>0.029297</td>\n",
       "      <td>0.030437</td>\n",
       "      <td>0.410790</td>\n",
       "      <td>-0.198929</td>\n",
       "      <td>0.353330</td>\n",
       "      <td>0.139251</td>\n",
       "      <td>-0.028519</td>\n",
       "      <td>-0.010002</td>\n",
       "      <td>0.062273</td>\n",
       "      <td>-0.080149</td>\n",
       "      <td>1.000000</td>\n",
       "      <td>0.991785</td>\n",
       "      <td>-0.019289</td>\n",
       "      <td>-0.013984</td>\n",
       "      <td>0.450777</td>\n",
       "      <td>0.322875</td>\n",
       "      <td>0.395743</td>\n",
       "    </tr>\n",
       "    <tr>\n",
       "      <th>atemp</th>\n",
       "      <td>0.042490</td>\n",
       "      <td>0.043644</td>\n",
       "      <td>0.413196</td>\n",
       "      <td>-0.190360</td>\n",
       "      <td>0.358541</td>\n",
       "      <td>0.134633</td>\n",
       "      <td>-0.038005</td>\n",
       "      <td>-0.009841</td>\n",
       "      <td>0.066305</td>\n",
       "      <td>-0.081386</td>\n",
       "      <td>0.991785</td>\n",
       "      <td>1.000000</td>\n",
       "      <td>-0.003669</td>\n",
       "      <td>-0.057619</td>\n",
       "      <td>0.447899</td>\n",
       "      <td>0.323264</td>\n",
       "      <td>0.395234</td>\n",
       "    </tr>\n",
       "    <tr>\n",
       "      <th>hum</th>\n",
       "      <td>-0.013275</td>\n",
       "      <td>-0.012197</td>\n",
       "      <td>0.198937</td>\n",
       "      <td>-0.141319</td>\n",
       "      <td>0.201669</td>\n",
       "      <td>-0.257202</td>\n",
       "      <td>-0.036672</td>\n",
       "      <td>-0.025932</td>\n",
       "      <td>0.022805</td>\n",
       "      <td>0.430378</td>\n",
       "      <td>-0.019289</td>\n",
       "      <td>-0.003669</td>\n",
       "      <td>1.000000</td>\n",
       "      <td>-0.295765</td>\n",
       "      <td>-0.298354</td>\n",
       "      <td>-0.264382</td>\n",
       "      <td>-0.303672</td>\n",
       "    </tr>\n",
       "    <tr>\n",
       "      <th>windspeed</th>\n",
       "      <td>-0.029001</td>\n",
       "      <td>-0.029317</td>\n",
       "      <td>-0.142924</td>\n",
       "      <td>0.067356</td>\n",
       "      <td>-0.147042</td>\n",
       "      <td>0.130441</td>\n",
       "      <td>0.022681</td>\n",
       "      <td>0.008447</td>\n",
       "      <td>-0.002493</td>\n",
       "      <td>0.009195</td>\n",
       "      <td>-0.013984</td>\n",
       "      <td>-0.057619</td>\n",
       "      <td>-0.295765</td>\n",
       "      <td>1.000000</td>\n",
       "      <td>0.067061</td>\n",
       "      <td>0.091642</td>\n",
       "      <td>0.094791</td>\n",
       "    </tr>\n",
       "    <tr>\n",
       "      <th>casual</th>\n",
       "      <td>0.115768</td>\n",
       "      <td>0.115635</td>\n",
       "      <td>0.119043</td>\n",
       "      <td>0.053371</td>\n",
       "      <td>0.078563</td>\n",
       "      <td>0.285182</td>\n",
       "      <td>0.022140</td>\n",
       "      <td>0.023687</td>\n",
       "      <td>-0.298241</td>\n",
       "      <td>-0.147903</td>\n",
       "      <td>0.450777</td>\n",
       "      <td>0.447899</td>\n",
       "      <td>-0.298354</td>\n",
       "      <td>0.067061</td>\n",
       "      <td>1.000000</td>\n",
       "      <td>0.503185</td>\n",
       "      <td>0.702414</td>\n",
       "    </tr>\n",
       "    <tr>\n",
       "      <th>registered</th>\n",
       "      <td>0.238546</td>\n",
       "      <td>0.238038</td>\n",
       "      <td>0.093595</td>\n",
       "      <td>0.171910</td>\n",
       "      <td>0.061686</td>\n",
       "      <td>0.381933</td>\n",
       "      <td>-0.044534</td>\n",
       "      <td>0.019179</td>\n",
       "      <td>0.134789</td>\n",
       "      <td>-0.130223</td>\n",
       "      <td>0.322875</td>\n",
       "      <td>0.323264</td>\n",
       "      <td>-0.264382</td>\n",
       "      <td>0.091642</td>\n",
       "      <td>0.503185</td>\n",
       "      <td>1.000000</td>\n",
       "      <td>0.968540</td>\n",
       "    </tr>\n",
       "    <tr>\n",
       "      <th>cnt</th>\n",
       "      <td>0.229814</td>\n",
       "      <td>0.229357</td>\n",
       "      <td>0.111369</td>\n",
       "      <td>0.156960</td>\n",
       "      <td>0.073431</td>\n",
       "      <td>0.396698</td>\n",
       "      <td>-0.030304</td>\n",
       "      <td>0.022618</td>\n",
       "      <td>0.025132</td>\n",
       "      <td>-0.149848</td>\n",
       "      <td>0.395743</td>\n",
       "      <td>0.395234</td>\n",
       "      <td>-0.303672</td>\n",
       "      <td>0.094791</td>\n",
       "      <td>0.702414</td>\n",
       "      <td>0.968540</td>\n",
       "      <td>1.000000</td>\n",
       "    </tr>\n",
       "  </tbody>\n",
       "</table>\n",
       "</div>"
      ],
      "text/plain": [
       "              instant  FechaNumero    season        yr      mnth        hr  \\\n",
       "instant      1.000000     0.999990  0.118039  0.777284  0.167195 -0.007446   \n",
       "FechaNumero  0.999990     1.000000  0.119277  0.776468  0.168474 -0.009457   \n",
       "season       0.118039     0.119277  1.000000 -0.446665  0.865268 -0.007610   \n",
       "yr           0.777284     0.776468 -0.446665  1.000000 -0.488103 -0.003948   \n",
       "mnth         0.167195     0.168474  0.865268 -0.488103  1.000000 -0.007060   \n",
       "hr          -0.007446    -0.009457 -0.007610 -0.003948 -0.007060  1.000000   \n",
       "holiday      0.008323     0.008254 -0.008928  0.001039  0.009372  0.000414   \n",
       "weekday      0.007103     0.007121 -0.003688 -0.002714  0.014500 -0.004037   \n",
       "workingday   0.005295     0.005410  0.012630  0.001068  0.006441  0.003454   \n",
       "weathersit  -0.015359    -0.015217 -0.009029 -0.006309 -0.012239 -0.024003   \n",
       "temp         0.029297     0.030437  0.410790 -0.198929  0.353330  0.139251   \n",
       "atemp        0.042490     0.043644  0.413196 -0.190360  0.358541  0.134633   \n",
       "hum         -0.013275    -0.012197  0.198937 -0.141319  0.201669 -0.257202   \n",
       "windspeed   -0.029001    -0.029317 -0.142924  0.067356 -0.147042  0.130441   \n",
       "casual       0.115768     0.115635  0.119043  0.053371  0.078563  0.285182   \n",
       "registered   0.238546     0.238038  0.093595  0.171910  0.061686  0.381933   \n",
       "cnt          0.229814     0.229357  0.111369  0.156960  0.073431  0.396698   \n",
       "\n",
       "              holiday   weekday  workingday  weathersit      temp     atemp  \\\n",
       "instant      0.008323  0.007103    0.005295   -0.015359  0.029297  0.042490   \n",
       "FechaNumero  0.008254  0.007121    0.005410   -0.015217  0.030437  0.043644   \n",
       "season      -0.008928 -0.003688    0.012630   -0.009029  0.410790  0.413196   \n",
       "yr           0.001039 -0.002714    0.001068   -0.006309 -0.198929 -0.190360   \n",
       "mnth         0.009372  0.014500    0.006441   -0.012239  0.353330  0.358541   \n",
       "hr           0.000414 -0.004037    0.003454   -0.024003  0.139251  0.134633   \n",
       "holiday      1.000000 -0.102503   -0.248601   -0.014707 -0.028519 -0.038005   \n",
       "weekday     -0.102503  1.000000    0.031057    0.017259 -0.010002 -0.009841   \n",
       "workingday  -0.248601  0.031057    1.000000    0.042202  0.062273  0.066305   \n",
       "weathersit  -0.014707  0.017259    0.042202    1.000000 -0.080149 -0.081386   \n",
       "temp        -0.028519 -0.010002    0.062273   -0.080149  1.000000  0.991785   \n",
       "atemp       -0.038005 -0.009841    0.066305   -0.081386  0.991785  1.000000   \n",
       "hum         -0.036672 -0.025932    0.022805    0.430378 -0.019289 -0.003669   \n",
       "windspeed    0.022681  0.008447   -0.002493    0.009195 -0.013984 -0.057619   \n",
       "casual       0.022140  0.023687   -0.298241   -0.147903  0.450777  0.447899   \n",
       "registered  -0.044534  0.019179    0.134789   -0.130223  0.322875  0.323264   \n",
       "cnt         -0.030304  0.022618    0.025132   -0.149848  0.395743  0.395234   \n",
       "\n",
       "                  hum  windspeed    casual  registered       cnt  \n",
       "instant     -0.013275  -0.029001  0.115768    0.238546  0.229814  \n",
       "FechaNumero -0.012197  -0.029317  0.115635    0.238038  0.229357  \n",
       "season       0.198937  -0.142924  0.119043    0.093595  0.111369  \n",
       "yr          -0.141319   0.067356  0.053371    0.171910  0.156960  \n",
       "mnth         0.201669  -0.147042  0.078563    0.061686  0.073431  \n",
       "hr          -0.257202   0.130441  0.285182    0.381933  0.396698  \n",
       "holiday     -0.036672   0.022681  0.022140   -0.044534 -0.030304  \n",
       "weekday     -0.025932   0.008447  0.023687    0.019179  0.022618  \n",
       "workingday   0.022805  -0.002493 -0.298241    0.134789  0.025132  \n",
       "weathersit   0.430378   0.009195 -0.147903   -0.130223 -0.149848  \n",
       "temp        -0.019289  -0.013984  0.450777    0.322875  0.395743  \n",
       "atemp       -0.003669  -0.057619  0.447899    0.323264  0.395234  \n",
       "hum          1.000000  -0.295765 -0.298354   -0.264382 -0.303672  \n",
       "windspeed   -0.295765   1.000000  0.067061    0.091642  0.094791  \n",
       "casual      -0.298354   0.067061  1.000000    0.503185  0.702414  \n",
       "registered  -0.264382   0.091642  0.503185    1.000000  0.968540  \n",
       "cnt         -0.303672   0.094791  0.702414    0.968540  1.000000  "
      ]
     },
     "execution_count": 361,
     "metadata": {},
     "output_type": "execute_result"
    }
   ],
   "source": [
    "corr"
   ]
  },
  {
   "cell_type": "code",
   "execution_count": 362,
   "metadata": {},
   "outputs": [
    {
     "data": {
